81403073772457086108912407396892199271
107985278221787898909350201065419791957
110714647456477575630265742899994064197
140947184822684189200997218352721270931
135098305393670941660689901369786457789
104901946291553007601296111831526919753
109956349941840329367144963080082049453
100023705706217783286308079893862543407
141994453600211539558959165618057992731
110642367098370552128449173749275319233
75674124828766671060102864285565600757
86304864851914669556704607862998869967
87548773291168257698855075995042792027
81002511740230759295292299358772554007
89432333985936880428836940311824289137
126438486145946096503725695182477938641
108251314561208406338509624742846534603
89052320301017627435576639553276638743
87063433178275445058606535995677545093
135913396874036892133722527529490969027
98989036087349889962883713429715827393
103024979789809997686298280373521129341
106708348561852024645862374832498275849
94759581620983535627138035753876563551
102536571660770665231371553995454695761
100011523976641501314948827383978191533
108231560686062032121448317347758366397
81370379874055089323215767883481399897
133988036128451394990898718226349741283
116318767333755181545211373397084719827
82292072450171117602894117437120138187
136031367709941041923354151073847333793
141428067379683109923524735995227302417
145010602998692183251942556288821028483
93701623734051679736392943554344822397
107724630794337331383119388581756111921
79675784066146480426698432545013972827
92553471266741454024967626931358399981
112414920731441418708499972629912794881
92474872995486324250599439987257848189
113624473484231473124294588330689754777
106401503276266116931276643669605170671
92595973328111647820501313594211578707
105605285230217194207504091065515439399
128913937663120084513751093223773424191
144183703191521572096114285983659500907
115384211288414952308706047156796947911
91541129878440117074751948575898780852437703575596468695784713194342776255739
4599884329450426151
4972582089352899997
2842214133138837011
3803402259732272467
4590854110694156911
3353253135922702099
5145426916741817047
4002115628360151191
4733696420488989223
2950946632825435241
3809659556667997007
4266415785352751977
4418605367578855081
2888926915066485197
3485361022494583717
4866972186852889639
3267970497337634377
3255644865169820789
4009361270965323157
5116428429081426383
4568005935935102723
3573159357349212889
5141289881932141879
3089076369703383551
5063622549839844857
4499387897180191931
4638328290495797987
3105762148005005497
2974921253918106947
4713124772768355947
3098963780932496153
5070662409801281453
4953709955967465361
5052684928456369073
4333921706928705499
4256885056590085847
3534485189881825169
4499288000632467283
4919166408295786783
3621224993034047507
4596933423034777753
3511817343279900139
3882395486893423393
3359196093696405397
4716892924103783141
5116262555735931007
4489609823902021267
3575275765852272331
3735453462425716331
4196029468342567241
2739357836984283709
4730907692629343521
4135167873451210217
3885881355575852911
4305703298163765109
4311607530421353959
3103278882637858843
4920928013067412303
4674331321144343077
3481290257216391943
2922493013967175813
2994025851440029639
4364795304857353481
3658034935221373393
3553553721955158307
3661835890468687469
4518006956860036583
4557215795257266749
4254827633296670207
2854910183997366049
3232753666440966469
3039119586540048289
3114708534905516713
4301074949362924697
5313553037134948139
3406612273365166343
4568035543448797411
3560483800078633619
4129518986194060889
4136149984697617427
4941834153900750233
4284525830829509093
4701529625636452327
5102497119954209161
3762359080829323277
2969183995791477007
3567287409444705743
3842036309469958099
4588068507203505781
3443359964750374783
4982186663140905371
4265383297859006399
3908505347665134473
3201487875258992593
3447908019822661891
4381373588161797167
3995559148829492059
3874631366111832493
3193496744182328933
4115481105337985387
3540755096363415589
3205802386912707809
4150865033241351371
4082760805587779219
4547925559866598519
4504412311446840893
4766621363455490941
4917316538673383309
3443089348752465007
3083101675060822871
5318137854312779123
4597237235672781677
3790350626336358041
4537631904280982407
5152693099536097411
5352295517699381533
3582393777087217993
3447928894934819261
3919030690785871537
4239757574422159607
5270355522503010139
3462999667395631031
3386764648375439113
3824716127028162463
5308824427637040649
3271517683185162899
4659420264900557291
3192796063682675539
4901390079081681457
4807188844628464079
5363399645449121249
5372367694531416331
6202039006148843993
4126565680428046133
4073669702780819747
5533446074249313839
6007980635246681249
3984895452696541597
4485616518119326237
5650941106547220689
4381383295761250123
4381997777483008541
3932398210977799601
4953962732508911279
6276129699809953157
7354807597534799033
4467056005533572821
6881268461089128377
4706316210818378141
3827166866759411551
4235444210294635721
5562331098446301631
6384502700219997841
6637282047979610791
5770583375159070011
7156268191457015063
4480061255479209863
6014209121844451049
5553568719844458101
3753235744995208699
5694796493174712713
5258560933441284779
4284090989439004061
4806382229764692131
4296798753538040359
7034573743016248537
5414511339117942713
5963917641288683047
5911838352492669979
6671899082930752837
4871188819218103439
7112559928735283543
5238958608117030011
4499192248680514171
4191629280747329359
4615525909388155351
4947514505432218771
4787436523605400339
4282657885871906441
4539209250715359377
5258736501606759077
6463953073129995103
6489158593010317009
4459301291890937917
6498718207236193387
6458253540837313613
5981535708626238617
6919044335063193929
5990274978375772043
4165765324044152629
5225432529767496281
5643287846381205197
6296592611628286991
7315191882470931553
6204229430598576599
6701740213174920703
4661461244630118077
3911775641372965973
4896925883900585837
5595045152004396931
6621147049674320263
6031751554773517471
6077548698921268117
4121103228433738999
4843434035834740469
4971941791535180689
5160736837046163167
5850095184542170997
5548178902963812749
5995679748485311109
7016479960185097343
7148612960357080103
3917199851166886777
6346861696965791263
5547269889331696399
5688238349633033261
4674411559076694763
5423683890546665197
5594724185235870319
5727267395488825397
6558050361909455627
4091630619443059579
4254241737079462021
6945803974896478331
4828323109497631027
5674374005869208447
5576930197724041451
4101417775509582739
4932675690106614287
6919257720667957853
4362905001962286739
4206517101918373897
6739737390016118113
6509077757988728323
4584931068535002611
5865789499289926489
7385705308049819651
6286730123108497039
6938828456450168479
4273953797996613361
6197595270063892547
5332277799647000687
6362778597456291313
7101418746509459131
5074691049660539921
3876567187949465299
5995687862254676849
7119890945651466929
6177894388720860551
5316653171689424351
5508595229057006011
5759588724303679571
6241650545854297337
3946752672446647403
5517963818174401241
4935561171948784801
5654468033508102901
5214529498954592909
3029512673891882449
4690692662619010679
3218698886250041839
3767124580012563817
5375873479397056901
3150680630536546153
4057182464568254731
3324764212455099353
5496891858265690973
3369921026999705771
3234752019962777687
3233590258568971241
3092708578960410079
4437824392165600763
5381992094153867783
316134633650462647177854838060992688139
261692038872412074644224234447511671787
322968103089994151951479361344070141767
241497696933357244834133558418495592303
254775482117424084213336996972314090239
257082887599581436096031140056206468743
290642815192240750391495500870792761203
269180476452393148542292141075154294791
241372181811073285669455591993010035763
215028239511290386306133324775314004727
269650419699986475116586477923982940307
180249532503790080996963719516847883199
277666483056069257952962430614829339539
300797750491443412364139154523960513627
